0110000000000000000000000000000000000000000000000000000000000000000000000000000000000000000000000000
1001100000000000000000000000000000000000000000000000000000000000000000000000000000000000000000000000
1000110000000000000000000000000000000000000000000000000000000000000000000000000000000000000000000000
0100001100000000000000000000000000000000000000000000000000000000000000000000000000000000000000000000
0110000110000000000000000000000000000000000000000000000000000000000000000000000000000000000000000000
0010000011000000000000000000000000000000000000000000000000000000000000000000000000000000000000000000
0001000000110000000000000000000000000000000000000000000000000000000000000000000000000000000000000000
0001100000011000000000000000000000000000000000000000000000000000000000000000000000000000000000000000
0000110000001100000000000000000000000000000000000000000000000000000000000000000000000000000000000000
0000010000000110000000000000000000000000000000000000000000000000000000000000000000000000000000000000
0000001000000001100000000000000000000000000000000000000000000000000000000000000000000000000000000000
0000001100000000110000000000000000000000000000000000000000000000000000000000000000000000000000000000
0000000110000000011000000000000000000000000000000000000000000000000000000000000000000000000000000000
0000000011000000001100000000000000000000000000000000000000000000000000000000000000000000000000000000
0000000001000000000110000000000000000000000000000000000000000000000000000000000000000000000000000000
0000000000100000000001100000000000000000000000000000000000000000000000000000000000000000000000000000
0000000000110000000000110000000000000000000000000000000000000000000000000000000000000000000000000000
0000000000011000000000011000000000000000000000000000000000000000000000000000000000000000000000000000
0000000000001100000000001100000000000000000000000000000000000000000000000000000000000000000000000000
0000000000000110000000000110000000000000000000000000000000000000000000000000000000000000000000000000
0000000000000010000000000011000000000000000000000000000000000000000000000000000000000000000000000000
0000000000000001000000000000110000000000000000000000000000000000000000000000000000000000000000000000
0000000000000001100000000000011000000000000000000000000000000000000000000000000000000000000000000000
0000000000000000110000000000001100000000000000000000000000000000000000000000000000000000000000000000
0000000000000000011000000000000110000000000000000000000000000000000000000000000000000000000000000000
0000000000000000001100000000000011000000000000000000000000000000000000000000000000000000000000000000
0000000000000000000110000000000001100000000000000000000000000000000000000000000000000000000000000000
0000000000000000000010000000000000110000000000000000000000000000000000000000000000000000000000000000
0000000000000000000001000000000000001100000000000000000000000000000000000000000000000000000000000000
0000000000000000000001100000000000000110000000000000000000000000000000000000000000000000000000000000
0000000000000000000000110000000000000011000000000000000000000000000000000000000000000000000000000000
0000000000000000000000011000000000000001100000000000000000000000000000000000000000000000000000000000
0000000000000000000000001100000000000000110000000000000000000000000000000000000000000000000000000000
0000000000000000000000000110000000000000011000000000000000000000000000000000000000000000000000000000
0000000000000000000000000011000000000000001100000000000000000000000000000000000000000000000000000000
0000000000000000000000000001000000000000000110000000000000000000000000000000000000000000000000000000
0000000000000000000000000000100000000000000001100000000000000000000000000000000000000000000000000000
0000000000000000000000000000110000000000000000110000000000000000000000000000000000000000000000000000
0000000000000000000000000000011000000000000000011000000000000000000000000000000000000000000000000000
0000000000000000000000000000001100000000000000001100000000000000000000000000000000000000000000000000
0000000000000000000000000000000110000000000000000110000000000000000000000000000000000000000000000000
0000000000000000000000000000000011000000000000000011000000000000000000000000000000000000000000000000
0000000000000000000000000000000001100000000000000001100000000000000000000000000000000000000000000000
0000000000000000000000000000000000110000000000000000110000000000000000000000000000000000000000000000
0000000000000000000000000000000000010000000000000000011000000000000000000000000000000000000000000000
0000000000000000000000000000000000001000000000000000000110000000000000000000000000000000000000000000
0000000000000000000000000000000000001100000000000000000011000000000000000000000000000000000000000000
0000000000000000000000000000000000000110000000000000000001100000000000000000000000000000000000000000
0000000000000000000000000000000000000011000000000000000000110000000000000000000000000000000000000000
0000000000000000000000000000000000000001100000000000000000011000000000000000000000000000000000000000
0000000000000000000000000000000000000000110000000000000000001100000000000000000000000000000000000000
0000000000000000000000000000000000000000011000000000000000000110000000000000000000000000000000000000
0000000000000000000000000000000000000000001100000000000000000011000000000000000000000000000000000000
0000000000000000000000000000000000000000000110000000000000000001100000000000000000000000000000000000
0000000000000000000000000000000000000000000010000000000000000000110000000000000000000000000000000000
0000000000000000000000000000000000000000000001000000000000000000001100000000000000000000000000000000
0000000000000000000000000000000000000000000001100000000000000000000110000000000000000000000000000000
0000000000000000000000000000000000000000000000110000000000000000000011000000000000000000000000000000
0000000000000000000000000000000000000000000000011000000000000000000001100000000000000000000000000000
0000000000000000000000000000000000000000000000001100000000000000000000110000000000000000000000000000
0000000000000000000000000000000000000000000000000110000000000000000000011000000000000000000000000000
0000000000000000000000000000000000000000000000000011000000000000000000001100000000000000000000000000
0000000000000000000000000000000000000000000000000001100000000000000000000110000000000000000000000000
0000000000000000000000000000000000000000000000000000110000000000000000000011000000000000000000000000
0000000000000000000000000000000000000000000000000000011000000000000000000001100000000000000000000000
0000000000000000000000000000000000000000000000000000001000000000000000000000110000000000000000000000
0000000000000000000000000000000000000000000000000000000100000000000000000000001100000000000000000000
0000000000000000000000000000000000000000000000000000000110000000000000000000000110000000000000000000
0000000000000000000000000000000000000000000000000000000011000000000000000000000011000000000000000000
0000000000000000000000000000000000000000000000000000000001100000000000000000000001100000000000000000
0000000000000000000000000000000000000000000000000000000000110000000000000000000000110000000000000000
0000000000000000000000000000000000000000000000000000000000011000000000000000000000011000000000000000
0000000000000000000000000000000000000000000000000000000000001100000000000000000000001100000000000000
0000000000000000000000000000000000000000000000000000000000000110000000000000000000000110000000000000
0000000000000000000000000000000000000000000000000000000000000011000000000000000000000011000000000000
0000000000000000000000000000000000000000000000000000000000000001100000000000000000000001100000000000
0000000000000000000000000000000000000000000000000000000000000000110000000000000000000000110000000000
0000000000000000000000000000000000000000000000000000000000000000010000000000000000000000011000000000
0000000000000000000000000000000000000000000000000000000000000000001000000000000000000000000110000000
0000000000000000000000000000000000000000000000000000000000000000001100000000000000000000000011000000
0000000000000000000000000000000000000000000000000000000000000000000110000000000000000000000001100000
0000000000000000000000000000000000000000000000000000000000000000000011000000000000000000000000110000
0000000000000000000000000000000000000000000000000000000000000000000001100000000000000000000000011000
0000000000000000000000000000000000000000000000000000000000000000000000110000000000000000000000001100
0000000000000000000000000000000000000000000000000000000000000000000000011000000000000000000000000110
0000000000000000000000000000000000000000000000000000000000000000000000001100000000000000000000000011
0000000000000000000000000000000000000000000000000000000000000000000000000110000000000000000000000001
0000000000000000000000000000000000000000000000000000000000000000000000000011000000000000000000000000
0000000000000000000000000000000000000000000000000000000000000000000000000001100000000000000000000000
0000000000000000000000000000000000000000000000000000000000000000000000000000110000000000000000000000
0000000000000000000000000000000000000000000000000000000000000000000000000000010000000000000000000000
0000000000000000000000000000000000000000000000000000000000000000000000000000001000000000000000000000
0000000000000000000000000000000000000000000000000000000000000000000000000000001100000000000000000000
0000000000000000000000000000000000000000000000000000000000000000000000000000000110000000000000000000
0000000000000000000000000000000000000000000000000000000000000000000000000000000011000000000000000000
0000000000000000000000000000000000000000000000000000000000000000000000000000000001100000000000000000
0000000000000000000000000000000000000000000000000000000000000000000000000000000000110000000000000000
0000000000000000000000000000000000000000000000000000000000000000000000000000000000011000000000000000
0000000000000000000000000000000000000000000000000000000000000000000000000000000000001100000000000000
0000000000000000000000000000000000000000000000000000000000000000000000000000000000000110000000000000